1000004249,1000004251,1000004263,1000004321,1000004329,1000004381,1000004389,1000004437,1000004449,1000004459
1000004497,1000004507,1000004519,1000004539,1000004567,1000004569,1000004581,1000004609,1000004611,1000004627
1000004633,1000004647,1000004693,1000004699,1000004717,1000004771,1000004777,1000004783,1000004791,1000004807
1000004839,1000004843,1000004849,1000004857,1000004867,1000004869,1000004891,1000004893,1000004897,1000004927
1000004933,1000004977,1000004981,1000005001,1000005029,1000005053,1000005067,1000005103,1000005133,1000005187
1000005197,1000005203,1000005233,1000005277,1000005287,1000005299,1000005317,1000005329,1000005341,1000005353
1000005361,1000005403,1000005407,1000005437,1000005443,1000005449,1000005451,1000005469,1000005491,1000005527
1000005541,1000005547,1000005583,1000005631,1000005647,1000005683,1000005731,1000005737,1000005751,1000005763
1000005791,1000005823,1000005827,1000005833,1000005847,1000005863,1000005899,1000005907,1000005947,1000005953
1000005959,1000005971,1000005973,1000005991,1000005997,1000006019,1000006027,1000006037,1000006039,1000006061
1000006093,1000006099,1000006127,1000006129,1000006177,1000006193,1000006211,1000006223,1000006229,1000006307
1000006313,1000006331,1000006349,1000006379,1000006393,1000006417,1000006421,1000006457,1000006459,1000006477
1000006541,1000006571,1000006577,1000006583,1000006607,1000006621,1000006661,1000006663,1000006697,1000006717
1000006751,1000006781,1000006837,1000006867,1000006901,1000006957,1000006961,1000006967,1000006981,1000007003
1000007023,1000007027,1000007089,1000007117,1000007137,1000007147,1000007159,1000007191,1000007209,1000007237
1000007243,1000007257,1000007279,1000007321,1000007347,1000007383,1000007389,1000007417,1000007429,1000007447
1000007453,1000007467,1000007479,1000007497,1000007513,1000007521,1000007531,1000007537,1000007557,1000007633
1000007647,1000007651,1000007653,1000007681,1000007707,1000007719,1000007741,1000007759,1000007773,1000007803
1000007819,1000007837,1000007873,1000007887,1000007909,1000007923,1000007927,1000007929,1000007941,1000008041
1000008083,1000008089,1000008101,1000008109,1000008127,1000008173,1000008181,1000008223,1000008257,1000008259
