100000007,100000037,100000039,100000049,100000073,100000081,100000123,100000127,100000193,100000213
100000217,100000223,100000231,100000237,100000259,100000267,100000279,100000357,100000379,100000393
100000399,100000421,100000429,100000463,100000469,100000471,100000493,100000541,100000543,100000561
100000567,100000577,100000609,100000627,100000643,100000651,100000661,100000669,100000673,100000687
100000717,100000721,100000793,100000799,100000801,100000837,100000841,100000853,100000891,100000921
100000937,100000939,100000963,100000969,100001029,100001053,100001059,100001081,100001087,100001107
100001119,100001131,100001147,100001159,100001177,100001183,100001203,100001207,100001219,100001227
100001303,100001329,100001333,100001347,100001357,100001399,100001431,100001449,100001467,100001507
100001533,100001537,100001569,100001581,100001591,100001611,100001623,100001651,100001653,100001687
100001689,100001719,100001761,100001767,100001777,100001791,100001801,100001809,100001813,100001819
100001821,100001827,100001843,100001887,100001893,100001903,100001927,100001929,100001983,100001987
100002011,100002013,100002017,100002031,100002037,100002059,100002103,100002113,100002127,100002139
100002163,100002167,100002169,100002173,100002181,100002223,100002233,100002251,100002271,100002283
100002289,100002337,100002349,100002389,100002421,100002431,100002437,100002493,100002499,100002503
100002509,100002541,100002569,100002571,100002589,100002593,100002611,100002613,100002629,100002641
100002647,100002671,100002673,100002677,100002737,100002751,100002769,100002797,100002839,100002863
100002899,100002937,100002941,100002943,100002961,100002967,100002979,100003021,100003037,100003063
100003091,100003151,100003153,100003157,100003181,100003219,100003243,100003247,100003259,100003273
100003279,100003283,100003291,100003301,100003313,100003331,100003349,100003361,100003381,100003417
100003447,100003481,100003499,100003549,100003559,100003573,100003601,100003619,100003621,100003679


vector<uint64_t>  = {
100000007,100000037,100000039,100000049,100000073,100000081,100000123,100000127,100000193,100000213,\
100000217,100000223,100000231,100000237,100000259,100000267,100000279,100000357,100000379,100000393,\
100000399,100000421,100000429,100000463,100000469,100000471,100000493,100000541,100000543,100000561,\
100000567};
